?
1 0 11 11 0 4 
1 0 6 6 12 4 
1 3 3 9 12 4 
10 10 10 9 12 0 
7 7 0 9 5 0 
2 2 8 8 5 0 


10 

1 10 10 0 0 3 
1 0 8 8 0 3 
2 2 2 5 7 6 
9 9 0 5 7 6 
11 11 0 5 7 0 
4 4 4 12 12 0 

17

1 0 2 2 0 12 
1 8 8 11 11 12 
3 3 3 4 6 0 
13 13 0 4 6 10 
9 9 9 0 6 10 
5 5 5 7 7 0 

18

1 7 7 9 9 0 
1 4 4 0 5 0 
11 11 13 2 5 3 
12 12 13 2 10 3 
6 6 0 2 10 0 
0 0 8 8 0 0 

21

1 0 11 7 7 0 
1 0 11 8 0 4 
2 2 11 8 5 4 
6 6 0 8 5 12 
0 9 9 9 0 12 
0 3 3 10 10 0 

15

1 3 5 5 5 0 
1 3 0 8 0 0 
10 10 0 8 4 2 
7 7 7 8 4 2 
11 11 0 9 9 0 
0 0 6 6 6 0 